image_width: 960
image_height: 520
camera_name: narrow_stereo
camera_matrix:
  rows: 3
  cols: 3
  data: [309.855945250931, 0.0, 480.0, 0.0, 309.855945250931, 260.0, 0.0, 0.0, 1.0]
distortion_model: plumb_bob
distortion_coefficients:
  rows: 1
  cols: 5
  data: [0.0, 0.0, 0.0, 0.0, 0.0]
rectification_matrix:
  rows: 3
  cols: 3
  data: [1.000000, 0.000000, 0.000000, 0.000000, 1.000000, 0.000000, 0.000000, 0.000000, 1.000000]
projection_matrix:
  rows: 3
  cols: 4
  data: [309.855945250931, 0.0, 480.0, 0.0, 0.0, 309.855945250931, 260.0, 0.0, 0.0, 0.0, 1.0, 0.0]
