image_width: 1280
image_height: 720
camera_name: narrow_stereo
camera_matrix:
  rows: 3
  cols: 3
  data: [ 531.28265,    0.     ,  643.64883,
            0.     ,  530.25855,  357.17965,
            0.     ,    0.     ,    1.     ]
camera_model: plumb_bob
distortion_coefficients:
  rows: 1
  cols: 5
  data: [-0.026047, 0.011612, 0.010408, -0.000016, 0.000000]
rectification_matrix:
  rows: 3
  cols: 3
  data: [ 1.,  0.,  0.,
          0.,  1.,  0.,
          0.,  0.,  1.]
projection_matrix:
  rows: 3
  cols: 4
  data: [ 534.30676,    0.     ,  643.44763,    0.     ,
            0.     ,  530.88641,  369.27274,    0.     ,
            0.     ,    0.     ,    1.     ,    0.     ]
