image_width: 960
image_height: 520
camera_name: narrow_stereo
camera_matrix:
  rows: 3
  cols: 3
  data: [533.249216, 0.000000, 483.396380, 0.000000, 531.295835, 154.0, 0.000000, 0.000000, 1.000000]
distortion_model: plumb_bob
distortion_coefficients:
  rows: 1
  cols: 5
  data: [-0.031732, 0.025244, -0.001741, 0.001811, 0.000000]
rectification_matrix:
  rows: 3
  cols: 3
  data: [1.000000, 0.000000, 0.000000, 0.000000, 1.000000, 0.000000, 0.000000, 0.000000, 1.000000]
projection_matrix:
  rows: 3
  cols: 4
  data: [535.676147, 0.000000, 486.347409, 0.000000, 0.000000, 533.299194, 154.0, 0.000000, 0.000000, 0.000000, 1.000000, 0.000000]
